State,Total,< 5,5 - 9,10 - 14,15 - 19,20 - 24,25 - 29,30 - 34,35 - 39,40 - 44,45 - 49,50 - 54,55 - 59,60 - 64,65 - 69,70 - 74,75 - 79,80 - 84,> 85,Median
Alabama,4849377,6.0,6.3,6.6,6.8,7.1,6.3,6.4,6.0,6.6,6.3,7.1,6.9,6.1,5.1,3.8,2.8,1.9,1.7,38.6
Alaska,736732,7.2,7.2,6.9,6.9,8.6,8.2,7.3,6.3,6.4,6.2,6.9,6.9,5.6,3.9,2.4,1.5,0.9,0.8,33.3
Arizona,6731484,6.4,6.8,6.8,6.8,7.3,6.7,6.6,6.2,6.3,6.0,6.4,6.1,5.7,5.2,4.1,2.9,2.0,1.8,36.9
Arkansas,2966369,6.4,6.7,6.6,6.9,7.0,6.4,6.3,6.4,6.3,6.1,6.7,6.5,6.0,5.2,3.9,2.8,2.0,1.9,37.8
California,38802500,6.5,6.6,6.5,6.8,7.5,7.5,7.2,6.6,6.7,6.6,6.8,6.2,5.4,4.3,3.0,2.2,1.6,1.7,36.0
Colorado,5355866,6.2,6.6,6.7,6.3,7.2,7.4,7.5,7.0,6.6,6.4,6.9,6.6,6.0,4.6,3.1,2.1,1.4,1.5,36.3
Connecticut,3596677,5.3,5.8,6.5,7.0,6.8,6.1,6.1,5.9,6.4,7.3,8.0,7.4,6.1,5.0,3.5,2.6,2.0,2.4,40.5
Delaware,935614,6.0,6.1,6.1,6.5,6.8,6.7,6.3,5.9,6.1,6.5,7.2,7.4,6.0,5.6,4.2,2.9,1.9,1.8,39.6
District of Columbia,658893,6.5,4.7,3.9,5.7,8.9,11.8,11.0,8.0,6.0,5.8,5.9,5.5,5.0,3.4,3.0,2.1,1.3,1.5,33.8
Florida,19893297,5.4,5.6,5.8,6.0,6.6,6.4,6.2,5.9,6.3,6.6,7.2,6.7,6.2,5.8,4.7,3.5,2.5,2.6,41.6
Georgia,10097343,6.5,7.0,7.1,7.1,7.2,6.8,6.8,6.7,7.1,6.8,6.9,6.2,5.5,4.4,3.2,2.1,1.4,1.3,36.1
Hawaii,1419561,6.4,6.0,6.0,5.6,7.3,7.7,7.1,6.2,6.2,6.1,6.5,6.5,6.2,5.5,3.4,2.4,2.0,2.7,38.1
Idaho,1634464,6.8,7.5,7.6,7.3,6.8,6.4,6.5,6.2,6.2,5.7,6.3,6.1,6.1,4.9,3.7,2.5,1.6,1.6,35.9
Illinois,12880580,6.1,6.4,6.6,6.8,7.0,6.9,6.9,6.5,6.6,6.6,7.1,6.8,5.8,4.5,3.3,2.4,1.8,1.9,37.5
Indiana,6596855,6.3,6.7,6.8,7.0,7.2,6.4,6.4,6.1,6.5,6.4,7.1,6.8,5.9,4.8,3.4,2.4,1.9,1.9,37.4
Iowa,3107126,6.2,6.5,6.7,7.0,7.2,6.2,6.4,6.0,5.8,6.1,7.1,6.9,6.2,4.8,3.5,2.9,2.2,2.4,38.2
Kansas,2904021,6.9,7.1,6.9,7.0,7.4,6.6,6.7,6.0,6.1,5.8,6.8,6.5,5.9,4.5,3.3,2.5,1.9,2.1,36.2
Kentucky,4413457,6.2,6.5,6.4,6.6,7.0,6.3,6.5,6.3,6.4,6.6,7.3,7.0,6.1,5.0,3.7,2.6,1.7,1.8,38.5
Louisiana,4649676,6.6,6.8,6.7,6.7,7.5,7.2,7.0,6.3,6.2,6.2,6.8,6.7,5.9,4.6,3.4,2.4,1.6,1.6,36.1
Maine,1330089,4.7,5.4,5.7,6.1,5.9,5.8,5.7,5.6,6.2,6.9,8.2,8.1,7.4,6.2,4.3,3.0,2.4,2.4,44.1
Maryland,5976407,6.1,6.2,6.4,6.5,6.8,7.0,6.8,6.3,6.6,7.1,7.6,6.9,5.9,4.7,3.3,2.3,1.6,1.8,38.3
Massachusetts,6745408,5.4,5.5,6.0,6.8,7.3,7.1,6.6,5.9,6.5,7.0,7.6,7.0,6.1,4.8,3.6,2.5,2.0,2.2,39.4
Michigan,9909877,5.7,6.1,6.5,6.9,7.4,6.1,6.0,5.8,6.2,6.7,7.4,7.3,6.5,5.0,3.8,2.6,2.0,2.1,39.6
Minnesota,5457173,6.4,6.7,6.6,6.5,6.6,6.7,7.0,6.2,6.1,6.5,7.5,7.1,6.0,4.6,3.3,2.4,1.8,2.1,37.8
Mississippi,2994079,6.4,6.9,7.1,7.5,7.0,6.5,6.3,6.4,6.5,6.1,6.6,6.7,5.7,4.7,3.6,2.6,1.8,1.7,36.7
Missouri,6063589,6.1,6.5,6.4,6.6,7.1,6.5,6.6,5.9,6.2,6.2,7.3,6.9,6.1,4.9,3.8,2.7,2.0,2.0,38.5
Montana,1023579,5.8,6.4,6.1,6.3,7.3,6.1,6.5,5.9,5.3,5.7,7.1,7.8,7.0,5.6,4.1,2.9,1.9,2.0,39.6
Nebraska,1881503,6.9,7.1,6.8,6.9,7.1,6.6,7.0,6.0,6.1,5.7,6.9,6.8,5.7,4.4,3.3,2.6,2.0,2.1,36.2
Nevada,2839099,6.2,6.7,6.5,6.3,6.7,7.2,7.1,6.6,7.0,6.7,6.8,6.3,5.8,5.0,3.8,2.4,1.6,1.3,37.4
New Hampshire,1326813,4.9,5.5,5.8,7.0,6.6,5.9,5.8,5.6,6.4,7.3,8.5,7.9,7.1,5.5,3.7,2.5,1.9,2.1,42.5
New Jersey,8938175,6.0,6.2,6.4,6.5,6.4,6.4,6.5,6.4,6.8,7.2,7.7,7.0,5.9,4.7,3.5,2.4,1.9,2.2,39.4
New Mexico,2085572,6.5,6.8,6.7,6.8,7.2,6.6,6.6,5.9,5.9,5.9,6.8,6.7,6.3,5.2,3.7,2.8,2.0,1.6,37.2
New York,19746227,6.0,5.8,5.9,6.4,7.3,7.5,6.9,6.3,6.4,6.8,7.3,6.8,5.9,4.7,3.4,2.5,1.9,2.2,38.2
North Carolina,9943964,6.0,6.6,6.6,6.7,7.1,6.5,6.4,6.3,7.0,6.7,7.0,6.7,5.8,5.1,3.6,2.5,1.8,1.7,38.3
North Dakota,739482,6.8,6.7,5.7,6.9,9.2,7.6,7.0,5.8,5.4,5.7,6.7,6.8,5.8,4.3,3.1,2.5,2.0,2.3,35.1
Ohio,11594163,5.9,6.3,6.4,6.7,6.8,6.4,6.2,5.9,6.4,6.5,7.3,7.3,6.3,5.0,3.7,2.8,1.9,2.1,39.4
Oklahoma,3878051,6.8,7.1,6.7,6.9,7.3,6.8,6.8,6.1,6.2,5.8,6.8,6.5,5.7,4.8,3.5,2.6,1.8,1.7,36.2
Oregon,3970239,5.7,6.1,6.2,6.2,6.7,6.7,6.9,6.5,6.7,6.2,6.6,6.8,6.9,5.5,4.0,2.6,1.8,2.1,39.3
Pennsylvania,12787209,5.6,5.7,6.1,6.6,6.8,6.6,6.2,5.7,6.2,6.7,7.4,7.4,6.5,5.2,3.8,2.9,2.3,2.5,40.7
Rhode Island,1055173,5.2,5.4,5.8,7.0,7.8,6.8,6.2,5.9,6.1,6.9,7.5,7.1,6.3,5.0,3.5,2.4,2.2,2.7,39.8
South Carolina,4832482,5.9,6.4,6.3,6.6,7.2,6.5,6.3,6.1,6.4,6.4,7.0,6.7,6.4,5.7,4.0,2.6,1.8,1.7,38.8
South Dakota,853175,7.1,6.8,6.9,6.9,7.2,6.5,6.6,5.5,5.8,5.6,6.9,6.9,6.1,5.1,3.0,2.5,2.1,2.4,36.6
Tennessee,6549352,6.1,6.4,6.4,6.6,6.9,6.6,6.5,6.3,6.6,6.6,7.1,6.8,6.1,5.2,3.8,2.6,1.9,1.6,38.6
Texas,26956958,7.2,7.5,7.4,7.2,7.3,7.2,7.2,6.8,6.8,6.3,6.5,6.0,5.0,3.9,2.9,2.0,1.4,1.3,34.3
Utah,2942902,8.5,8.8,8.7,7.7,8.4,7.2,7.7,7.1,6.1,5.2,5.3,5.0,4.5,3.4,2.5,1.9,1.2,1.1,30.5
Vermont,626562,4.9,5.4,5.3,6.9,7.4,5.8,5.9,5.4,6.2,6.6,7.8,8.3,7.1,5.7,4.3,2.6,2.3,2.1,42.8
Virginia,8326289,6.1,6.3,6.3,6.7,7.1,7.1,6.9,6.4,6.8,6.8,7.3,6.6,5.9,4.7,3.5,2.3,1.6,1.7,37.7
Washington,7061530,6.3,6.4,6.3,6.2,7.0,7.2,7.2,6.6,6.5,6.4,7.0,6.8,6.1,5.0,3.4,2.2,1.6,1.8,37.5
West Virginia,1850326,5.5,5.7,5.9,6.1,6.6,5.9,6.0,5.8,6.5,6.5,7.1,7.5,7.1,6.2,4.1,3.2,2.2,2.1,41.9
Wisconsin,5757564,5.9,6.3,6.5,6.6,7.0,6.2,6.5,6.0,6.0,6.6,7.6,7.2,6.4,4.9,3.5,2.6,2.0,2.2,39.2
Wyoming,584153,6.5,7.0,6.2,6.4,7.3,6.9,7.4,6.6,5.6,5.6,6.8,7.1,6.9,5.2,3.2,2.1,1.9,1.4,36.6
